0.5263477015844547
0.5277639614720829
0.5292439373559319
0.5290511704725214
0.5264365429920145
0.5261211215751246
0.5263105540652759
0.5271232905448414
0.525210264523048
0.5215103968349285
0.520186607670039
0.5191768434247933
0.5199777477351017
0.5243211323046125
0.5250162749760784
0.5215716160670855
0.5175237757642753
0.5172708793752827
0.5156725062523038
0.5104471011809073
0.5068826189334504
0.5089629793399945
0.5073515819129534
0.5075187224615365
0.5042614769446664
0.5026823207736015
0.5055061993235722
0.5077824309864082
0.5076066532847472
0.5102120701316744
0.5119243267644197
0.5059380641975441
0.504933086312376
0.5052794847288169
0.5049590417835862
0.5051461601722985
0.5031683102971874
0.5013918527890928
0.5006308067007922
0.5022955717239529
0.502838242223952
0.504136573872529
0.5092986411345192
0.5125230936729349
0.5153972406918182
0.5136126318527385
0.5156557630770839
0.5170720722200349
0.5154939249739983
0.5146204412868246
0.5138122703321278
0.509889976514969
0.5081171506294049
0.508405950111337
0.5093851844733581
0.5100524883368053
0.5100512395938859
0.5075676038837992
0.5072323305625468
0.5060580482357182
0.5014481319277547
0.49799584874184805
0.4968236894719303
0.498363530614879
0.49991672326345
0.4987964871828444
0.4973422373645008
0.4975391427217983
0.49679351875092836
0.4966137713845819
0.499855389862787
0.4987728765117936
0.4957032378925942
0.49512804300524293
0.4967643497255631
0.4930683816666715
0.492159719474148
0.4873133641970344
0.48347137777134774
0.4828785299067386
0.4803554177004844
